100
0.12208388423648805
356.1269315399514
600
0.3188952841278044
1367.100240605852
1100
0.4388060607596934
2159.3023727857985
1600
0.5270976840064087
2839.3407267350776
2100
0.6005297707181331
3460.111361209955
2600
0.657080619342492
4006.233451890356
3100
0.7046162623484946
4506.980628387654
3600
0.7866990952473917
4586.011022681088
4100
0.7810958483172543
5404.7807861190995
4600
0.8125605781848287
5812.229529660021
5100
0.8405576022168618
6196.576400403074
5600
0.8655774929197559
6559.916782422463
6100
0.8879958152604939
6903.850039070904
6600
0.9080967570765576
7229.521790076291
7100
0.9260894516861785
7537.639770631458
7600
0.9421393547851606
7828.645193307171
